   20000    40000  1625262 SRR307023_1.fastq
   20000    40000  1625262 SRR307023_2.fastq
   20000    40000  1625376 SRR307024_1.fastq
   20000    40000  1625376 SRR307024_2.fastq
   20000    40000  1625286 SRR307025_1.fastq
   20000    40000  1625286 SRR307025_2.fastq
   20000    40000  1625302 SRR307026_1.fastq
   20000    40000  1625302 SRR307026_2.fastq
   20000    40000  1625312 SRR307027_1.fastq
   20000    40000  1625312 SRR307027_2.fastq
   20000    40000  1625338 SRR307028_1.fastq
   20000    40000  1625338 SRR307028_2.fastq
   20000    40000  1625390 SRR307029_1.fastq
   20000    40000  1625390 SRR307029_2.fastq
   20000    40000  1625318 SRR307030_1.fastq
   20000    40000  1625318 SRR307030_2.fastq
  320000   640000 26005168 total
